savedAt=2025-12-11T18:29:42.045252
coins=42
health=80
position=10,20
loadedAt=2025-12-11T18:29:42.048277100
